61
 60  41
  7  60
 26  50
 57  14
 47  34
 11   2
  3  50
 58  43
  7  17
  1  17
  7  27
  5  47
  8  14
 33  33
 30  34
 48  33
 17   2
 25   5
 45  37
 45   7
  3   2
 40  41
 20   2
 42  50
 52  32
 32  40
 48  61
 10   5
 27   8
  1  37
 19  58
 39  23
 50  29
 12   8
  9  43
  9  17
 36  61
  1   1
 45  47
  8  25
  2  29
  5  27
 50  39
 49  34
 44   7
 28  40
  3  45
 18   3
  7  54
 40  37
 53  55
 44  45
 35  24
 46  28
  5   2
  8  49
 59   6
 43  26
 44  46
 52   6
 56  18
  1  34
 52  36
 36  38
 49  47
  3  58
 40  23
 22  61
 32  31
 58  33
 60  35
 32  44
 29  38
  5  33
  3  25
 31  61
 11   3
  3  37
 21   6
  6  22
  2  33
 49   3
 59   8
 59   1
  5  49
  2  17
 11  51
  9  53
  9   2
 38  40
 50  32
 10  24
 33  34
 56  22
 12  58
  2  41
 12  52
 22   1
 58   3
  8   9
  7  45
 54  36
 43  34
  2  11
  7  57
  2  40
  4  49
 23   3
  5  37
  4  22
 42  25
 32  26
  3  39
 37  25
 16  61
 45  22
 60  30
 57  46
 55  31
 18  61
 14   7
 30   5
 57  31
  3  51
 23   1
 24  10
 41  26
 50  36
 34  38
 18  12
 35  41
 18  56
 20  10
 35  61
 46  50
 41   3
 54  29
  5  14
 60   3
 36   5
 31   3
 10  58
  5   4
 27   1
  8  41
  6  12
 47   2
  8  60
 56  32
  1  32
  1  60
 25  44
 49   5
  1  30
 55   1
 23  55
 61  42
 52  16
 51  58
 52  24
 59  45
 25   8
 38  25
 29  31
  4  20
  5  59
 42  38
 46  56
 30  38
 48  28
  9   8
 27  36
  7  52
 47  56
 25   2
 24   1
  1  31
 33  24
  4   2
 41  44
 12  21
 29  30
 42  33
 58  34
 15  54
  5  26
  5  13
 42  26
  3  40
  9   9
  3  53
 26   5
  8  12
 60  42
 34  47
  5  36
  1   9
  5   1
 31  34
 31  32
  2   2
 26  61
 56  45
 26  42
 37   6
 11  57
 51  26
  3  24
 31  29
  8  16
 37  54
 60  37
 31  35
 35  39
 42  57
  8  59
 26  47
 58  37
 53  47
 57  32
 13  13
 37  40
 56  29
 31  36
 54  31
 25  43
  1  55
 38  57
 28  42
 56  31
 61   2
 51  37
 56  59
 45  32
 33  46
 11   6
 18   7
 40  36
 37  60
  3  60
 30  41
 56  35
  7   9
 12  15
  9  54
 50  43
 11  60
  6  61
 54  30
 31  37
  7  42
 24  11
 19   4
 13  12
 43  22
 47  47
  3  54
 56  38
 57  36
 47   1
 47  27
 48  27
  8  15
 59  10
  6   6
 44  50
  5  57
  6  56
  6  58
 34  27
 39  58
 48  44
 49  46
 22   2
 56  37
 40   1
 49  59
 36  41
 41  54
  4  30
 32  41
 52  28
 59  42
 22   7
 53  56
 54  16
 20  59
 60  29
  9   3
 55  29
 44  59
 10  13
 39  45
 10  50
 37  46
 49  35
 48  32
  3  31
  7  31
 38  26
  9  61
 10  18
 40   3
 47  24
 18  58
  5  24
  3  16
 33  43
 10  59
  8  13
  7  47
 30  43
 54  61
 44  22
 43   2
 28  39
 44  26
 43  30
 45   2
 38   1
 10  56
 42  49
  2  50
  9  57
 56   8
 53  59
 25   6
  9   6
 14   5
 12   7
  4   3
 24  56
  5   8
 32  47
 22   4
 48  41
  9  13
 49  58
 49  38
 48  43
 58  11
 39  24
 40  26
 20   5
 32  33
  3  59
 28  44
 43   5
 44  47
 51  49
 55  58
 50  44
 46  36
 30   2
 36  31
 14  10
 10  11
  2  36
 11   5
 20  56
 17   4
 14  57
  4  47
 53  24
  4  42
 16   2
 48  31
  5  45
 34  26
  4  37
 34  29
 58   2
  2  28
 61  31
 47  35
  5  18
 14   6
  3  17
 43  57
  5  41
  6   7
 59  43
 29   5
 58   1
 17   3
 23  59
 48  30
  3  42
 12  60
  5  15
 26   2
 47   3
 32  48
 46   2
 36  42
 14  11
 33  37
  3  61
 32  50
 12   6
 10  55
 30  42
 52  30
  3  57
 43  58
 46  30
 49  42
 52  60
 45  27
 33  56
 13   5
 51   5
 32  61
 53  18
 11  50
  9  25
  2  57
 49  25
 48  59
  3  56
 32  37
  4  11
 40  58
 59  40
  9   5
 51  46
 41  36
 36  50
 18   4
 34  37
  3  29
  8  44
 39  61
  5  58
 51  43
  7  46
 55  38
 28  34
 44  61
 50  35
  6  13
 57  24
 32   5
 53  54
 51  48
 38  28
 40  56
 58  35
 42  54
 51  23
 57  26
  8  45
 30  37
 28  37
  5  48
  8   3
 27  59
  2   7
  3  20
 48   2
 49  24
  1  27
 27  35
  4   9
  4  48
  3  10
 43  27
 28  59
 59  34
 36  56
 28  58
 19   2
 55  28
 14   8
 35  55
  6  52
  2  59
 52  59
 40  35
 32  25
 34  46
 48  23
  4  12
 33  29
 52  27
 37   3
 18  59
 55  45
 58  42
 39   6
 45  41
 42  59
 45  59
 49  39
 37  29
  7  13
 27  44
 57  38
 49  31
  6  16
 47  38
  7  43
 41  29
 54  47
  7  59
 37  28
 31  40
 58  36
 39  40
 11  55
  5  53
 51   1
  4  59
 53  58
  3  43
 35  44
 53  26
 44  23
 32  38
  7  53
  6   1
 29   2
 56   1
  5  17
 19   3
 16   1
 25  61
  8  54
 53  35
  7  14
 42  46
 43  54
 52  56
 61   4
 31  48
 38   5
  3  18
 50  27
 18   1
 52  19
 24   6
 55  37
 37  61
  1  23
 44  55
  4  25
 35  37
 39  54
 55  32
  2  20
  7   5
 45  30
 16  10
  7  22
 32  39
  5   7
 19  61
  2   1
 36  49
 45  33
 46  26
 13  10
 35  27
 27  31
  4  13
 39  25
 23  58
 51  35
 21  59
 38  24
 12  13
 12  19
 13  18
 37  41
 17  61
 31  44
 60   6
 14  60
  1   5
 51  22
 59  11
 33  57
  5  61
 32  49
 10  19
 61  37
 47  31
 12  61
 51  24
 60  11
 33  44
 52  23
 17  56
  2  15
 59  26
  2  14
 14   3
 28  61
 30   1
 32  29
 36  54
 47  61
 33  48
 15  61
  2   4
 56  41
 46  33
 42  34
 22  56
 30  36
  8   8
  5  39
 44  33
 18   8
  7  40
  2   8
 11  59
 44  48
 16   9
 46  40
 50  34
 54   3
 46  25
 58  28
 45  26
 43  59
 51   3
 32   1
 14  61
 43  41
 35  25
 57  35
 58  46
 53  28
 40  24
 57   7
 48  38
 56  25
 53  60
 55   3
 50  59
 48  36
 46   1
 29   6
  2  34
  7  28
 56  33
 27  34
 48  40
 57  34
 19  59
 44  37
  9  11
 58  32
 35  57
 37  42
 46   8
 33  38
 21  56
 23   6
  2  42
 19   5
  1  16
  5  46
 52  41
 23   9
 33  28
  4  61
 12   4
 48  26
 16   3
 47   7
  8   7
  7  20
 46  39
 44  35
 61  27
 48  49
  6  19
 33  36
 58  25
 50  37
 42  61
 38  58
  5  29
 45  40
 13   3
 54   2
 35   3
 21   1
 55  23
 33  26
 47  48
 29  33
  2  53
  4  29
  4  60
  4  23
  2  52
  8  55
  7  48
 56  30
 56  42
 55  36
 47  42
 34   1
 10  54
 53  52
  1  51
  2  46
 42  27
 22   6
 43  50
  1  57
  9  14
 36  48
  3  11
 24   3
 60  40
 36  55
 29  36
 40  25
 13  17
 50   5
 46   5
  4  35
 49  30
  4  54
 49  28
  1  15
 24   2
 34   3
 53  32
 10  12
 52  52
 31  33
 22  55
 56   3
  7  23
  3  26
 29  32
 15  60
 19  10
 55  18
 40  54
 41  50
 25   1
 15   8
  4  16
 49  45
 44  42
  4  18
  7  15
 28  36
 44   3
 48  48
 47  46
 55  16
 10   3
 58   5
 33  59
 55  57
 44  34
 11   4
 38  33
  4  17
 27  33
  6  18
 35  40
  8  38
 35   8
  4  53
 52  35
 48  45
 42  35
 11  54
 56  47
 52  37
 45  28
 18   5
  7  55
  6  24
  3   3
 59  29
 52  47
 44   2
  7   2
  8  20
 56  46
  4  36
 34  50
  4  50
 26  44
 27  32
 15   4
  6   5
 45  25
 34  43
 49  36
 53   5
  1  26
 41  25
 51  28
 26  43
 41  59
  4   8
  5  42
 42  44
 14  17
  6   8
 37   2
  7  58
  3  19
  6  17
 16   8
 46  31
 34   2
 42   1
  9  56
  1  33
 17  59
  7  56
 49  49
 35   2
  5  30
 56  15
 10  15
 36  32
 55   4
  4  21
 15  13
 57  37
 15  14
  1  25
  1  29
 47  41
 19  12
 16   5
 50  25
 15   2
 33  41
  4   5
  7  11
 27   2
 55  46
 50  38
  2  12
  8  32
 12   5
 16  59
 30  35
 61  26
 54  32
  7  16
 48   1
  7  37
 48  37
 17  12
 46  29
 35  36
 35  45
  5  16
 36  43
 50  56
 28  31
 29  35
  5  51
 11  52
  9  52
  1   3
 34  57
  4  43
 60  36
 47  50
 52  51
 57  39
  6  10
 45  56
 29  39
  5  34
 47   5
 40  27
 29  61
 37  26
 15   3
 20  60
 44  49
 35   7
 51  36
  7   1
 33  30
  2  18
 16   7
 56  43
 60  39
 54  22
 55  20
  8  31
 31   6
 36   2
 45   1
 40  28
  5   9
 11  21
 52  46
 42   2
 48  47
 36  60
 12  57
  4  46
 36  29
 13  58
 24   8
 22   9
  1  24
 61  38
 35  59
 48  24
 12   3
  2  45
  1  53
 50  40
 15  59
 14   1
 20   1
 43  29
 13   9
 58  44
 46  32
  8  11
  6  57
  3  21
 39   1
 40   2
 54  33
 13  56
  6   2
  7  30
 28  47
  1  50
 59  37
 13  60
 45  61
 28   3
  2  47
 46  23
 51  32
 32  27
 30  31
 29  43
 40  59
  8   2
 53  31
 44  27
 27  45
  3   1
 24  61
  2  24
  1  41
 39  60
 16  60
 58   6
 49   1
  3  49
 55  22
 54  54
  3  13
 23  57
 30   3
 58   9
 54  48
 43  38
  1  54
 56   6
 10  49
 41  57
 30  59
 56  34
 43  25
  6  20
 49  43
 42  53
  8   6
 50  26
  5  28
 46  59
 47  30
 51  27
  4  55
 41   1
 29  58
 45  36
 30  27
 50  22
 55  47
  2   9
  6  55
 17  60
 10   6
 61  46
 27   4
 12  11
 54   8
 48  34
  3  35
 52  31
 12  12
 60  43
  1   6
  2  13
  3   4
 25   4
 39  48
 48   6
  4  58
 47  33
 10  57
 20   7
 57  19
  8  17
 40  40
 34  28
 41  60
  5  21
  5  12
 11  15
 40   6
 57  41
 20   6
  3  36
 34  45
 41  49
 55  55
 54  60
 42  37
  3   8
 35  26
 60   1
 30  33
  2  38
 30  30
 49  44
  2  43
  2  25
 33   3
 44  25
 32  28
 49  23
 52  34
 15  58
  1   4
 39  41
 32  46
 56  44
 50  54
 26  59
 44  41
 41  61
  1  19
 16  58
  5   3
 13  53
 34  61
 37  24
  3  55
  6  60
 54   1
  7  12
 40  57
 17   6
  1  10
 33   5
  8  57
 52   1
 26   1
 33  35
  6  21
 57  33
 28  43
 16   4
 43  35
  4  26
 27   7
  2  30
 23  10
 47  25
 39  56
 11   9
  1  43
  2  37
 39  50
 24   9
 51  25
 43  45
 46  24
 59  39
 21   4
 43  28
 31  30
  1   2
  1  46
 17   8
 27  43
 55  33
  3  48
  6   4
 36  24
 31  42
 57  20
 49   2
 58  31
 27  61
  4  32
 31   2
 42  41
  8  10
 10   1
 13   1
  2  39
 56  39
  7  38
 40  50
 51  45
 10  14
  6   9
 44  29
 49  29
 59   2
 40  61
 34  25
 14  59
 53  61
 51  59
 42  58
 58  21
 52   2
  4  52
 15  55
  3   9
 43  61
 20   9
 32  42
  3  27
 13  14
 14   2
 51  60
 33  25
  5  56
 59  38
 53  21
 50   3
 21  60
 30  32
  9  10
 53   3
  2  48
 41  27
 10   2
  5  25
 41  24
 34   8
  3  41
  6  14
 41  41
 13  54
 11   1
 10  16
 57  40
 13  11
 42  48
  3  33
 44  44
 43  49
 55   2
 26  49
 34  40
 45  48
 10   7
 51  34
 25  11
 17   5
  7  33
 55  30
  4  45
  7  26
 35   1
  6  54
 10  17
 47  28
  4  15
 55  27
 50  47
 11  61
 23  61
  1  18
  9  55
  8  33
 60  38
 24   5
  8  50
 45  60
 50  41
  5  43
 11  58
 46   3
 51  41
 33  45
 42  47
 27  42
 34  34
  1  35
 48  60
 14   4
  1  52
  7  10
  3  12
 53  33
 36  47
 58  41
 29  29
  5  44
 15  57
 12   1
 14  58
 36  33
 44  36
  5  38
  2   5
  4  56
 51   2
 53  30
 11  10
  4   6
 48  56
  3  38
 60   4
 61  11
 24  59
 50  55
 47  58
 52  29
 55  35
  2  22
 42  43
 59  35
 30  44
 12  18
  7   6
  1  59
 28  30
  3  23
 44  28
 50   2
 41  37
 51  42
 39  33
 49  32
 47  39
  1  36
 49   6
 10  23
 44  38
 55   7
  9  60
  7  61
  2  61
 38  56
 42  60
 15   7
  3  15
 50  30
 48  42
 19   1
  2  60
 34  35
 40  60
 32  59
  5  10
  2  49
  8   1
 43  47
 57  30
 47  45
 57  25
 59  25
 56   4
 53   2
 61  29
  3  46
 43  48
 54  55
  1   8
 61  32
 33  27
  3  22
 10   4
  4  39
 34  36
 10  61
 54  21
 36  30
 14   9
  3  30
 33  40
 54  34
 12   9
  1  49
 59  44
  7  39
 50  45
 38   3
 39   5
  9  16
 51  33
 56  24
  1  22
  2  31
 36   1
 29  37
 57   1
 26  41
 45  45
  8  53
 37  59
 43  60
 29  34
 58  27
  3  34
  7  34
 52  26
  8  52
 21   7
  5  60
 54  28
 57   2
 61  33
 26  48
 33  49
 31  43
 53  27
 55  54
 35  42
 58  12
 46  48
  9  58
 34   7
 21  58
 50  48
 52  61
 42   5
 61  30
 46  47
 51  55
  1  56
 46  46
 38   2
 11  56
 39  57
  3  52
 41  58
 34  42
 54  46
 61   3
  7  18
 41  28
 27  39
 30  47
 57  45
 60   8
 52  58
  1  21
 13   4
 31  57
 36  26
 52  54
  4  14
 25  59
 28  32
  7   8
 10  22
  7  49
 34  24
  2  19
 22   5
 61   1
 54  25
 60  26
 15  16
  2  27
  4  38
 28  38
  7   4
  9  50
 40   5
 50  60
 41   5
  4  28
 12  10
  9  15
 46  41
  7   3
 56  28
 31  59
  2   3
 31  27
 57  43
 41  45
  3  14
 39  30
  1  45
  4  41
 39  36
  4   1
  8   4
  5  35
 26  38
  5   6
  2  56
 16  55
  1  40
  7  19
 54  35
 43  55
 28  29
 12  20
  1  39
 46  60
  9  19
 44  30
 43  23
 46  34
 60  25
  5  19
 45  34
  4  51
 51  39
 36   7
 49  27
 39   3
  2  54
  1  47
 57  42
 42   3
 27  38
  3  44
 13   7
  5  22
 30  29
 13  61
 37  39
 42  36
 51  29
  3  32
 43  44
  4  57
 46   7
 58  45
 36  59
 10  48
 39  35
 54  20
 54  18
 14  16
 17  10
  9  44
 56  58
 46  45
  2  26
  9  47
  8  26
 59   9
 43   1
 44  32
 21   2
 51  61
 50  49
 59  36
 49  56
 33   1
 47  49
 42  29
  6  15
 30  61
 32   3
 36  25
  2   6
  4  40
 34  44
 50  31
  7  44
 28   2
  1  42
 35  43
  2  35
 24   4
 44  60
  4  44
 18   2
  6  59
  9   4
 36   3
 29   1
  1  44
 26   4
  1  14
 50  61
 55  56
  8  58
 11  14
 52  45
 40  43
 48  29
 36  40
 57  23
 37   5
 17   9
 56  40
 33  42
 45  55
 47  32
 58  40
 55  21
 45  42
 52   3
  4  31
  7  29
 32  32
  8  22
 37  27
 32  43
 57   6
 37  30
 41  34
  7  21
 52  38
  6  23
 58  38
  2  32
 51  38
 36  57
 12  14
 46  42
 34  41
  5  40
  7   7
 33  39
 10  10
  2  51
 27   3
 48  35
  5  11
 51  44
 39  59
 30  28
  4   7
 50  58
 47  26
 44  31
 60  31
  6  51
 53   1
 31  31
 33  31
 59  27
 18   6
 55  34
 31  41
  7  41
 27  37
  5  50
 52   5
 20  58
 36  39
 20   4
 49  48
  5  55
 37  49
 42  45
  1  28
  2  21
  4   4
 51  30
 19  11
  5  20
 42  30
 60  28
 56  36
 29  47
 13  59
 15   9
 43  33
 38  54
 38  27
  1  58
 45  58
 19  56
  1  20
 50  42
 16   6
 50  23
 43  32
 60   7
 23   2
 17  55
  3   5
 23  56
 14  54
 56  23
 28   7
 54  26
  6   3
 51  40
 28  33
  5  32
 43  31
 61  39
 13   2
 42  32
  3  47
 49  33
 41  56
 57   3
 56  60
  8  61
 39  27
 23   5
  5  31
 10  21
 12  56
 51  47
 21  61
 53  48
 32  56
  8  21
  1  13
 28   6
 11   7
 58  39
 38  59
 47  36
 38  60
 39  26
 49  41
  4  10
 60   2
  5   5
 52  33
 48  58
  8  18
 15   1
 47  59
 53  34
 48  50
 37   1
 59  41
 54  27
 17   1
 57  44
 45  29
 41  35
 20  61
 38  41
 10   8
 21   5
 10   9
 45  31
 45  50
 28   1
 45  46
 29  42
 46  27
 17   7
 33  47
  2  58
 32  35
 56   7
 17  58
 46  49
 52  25
 61  28
 11  13
  6  11
  5  54
 37  50
 11  12
 31  56
 23   4
 46  43
 21   3
  2  10
 49  37
 49  61
 16  12
 11   8
  4  34
 52  48
 13   8
 49  60
 18  60
 53  53
 50  28
 33   2
 48   3
 49  40
 11  49
  9   1
 31  28
  6  53
 31   5
  9  18
 50  46
 33  32
 38  48
  9  59
 61  25
 12   2
 32  45
  3   7
 46  35
 31  45
 45   3
 43  36
 16  13
  8   5
 11  11
  2  16
 35  38
 26   3
 13   6
 32  34
 44  58
 53  16
 13  57
 52  49
  1  61
 43   3
 56   2
 46  58
  9  24
  5  52
 38  61
 59  33
 10  60
 48  39
 48  46
 31  49
 45  35
 51  31
 39   2
  4  19
 41   2
 60  27
 21   9
 47  29
 49  26
 48   5
 15   6
 12  59
 32  36
  2  44
 38  50
  1   7
 15  10
 47  60
 20   3
 26  46
 59  28
 46  61
 33  61
 13  52
 42  31
 43  37
  1  38
 33  58
  2  55
 26   8
 19  60
  1  12
  3   6
 45  49
 50   1
 35  60
  8  19
 43  53
  3  28
  4  24
 42  28
  2  23
 41  43
 11  16
 19   7
 22   3
 53  29
 29  44
  8  56
  5  23
 44   1
 58  26
 59   3
 53  25
 29   3
 32  30
 50  24
  4  27
 29  59
 15  15
 34  39
  1  11
 48  25
 43  46
 15   5
 19   6
 32   2
 50  33
  9  12
 31   1
 33  50
 28  35
 25   3
  1  48
  9   7
  4  33
